Webots Project File version R2021a
perspectives: 000000ff00000000fd00000003000000000000000000000000fc0100000001fb0000001a0044006f00630075006d0065006e0074006100740069006f006e0000000000000000140000008700ffffff00000001000002940000030dfc0200000001fb0000001400540065007800740045006400690074006f007201000000000000030d0000008b00ffffff0000000300000780000000d9fc0100000001fc00000000000007800000009400fffffffa000000010100000002fb0000001a0043006f006e0073006f006c00650041006c006c0041006c006c0100000000ffffffff0000008700fffffffb0000001a0043006f006e0073006f006c00650041006c006c0041006c006c0100000000ffffffff0000008700ffffff000004ea0000030d00000001000000020000000100000008fc00000000
simulationViewPerspectives: 000000ff000000010000000200000119000004d40100000002010000000100
sceneTreePerspectives: 000000ff0000000100000002000001dc000000fa0100000002010000000200
maximizedDockId: -1
centralWidgetVisible: 1
projectionMode: PERSPECTIVE
orthographicViewHeight: 3.70141
textFiles: 1 "controllers/cont/cont.py" "controllers/cont/t_gen.py" "controllers/cont/storage.py" "controllers/cont/gripper.py"
globalOptionalRendering: CameraFrustums
consoles: Console:All:All
consoles: Console:All:All
renderingDevicePerspectives: robot(1):shoulderCamera;0;5.85938;0;0
x3dExport-shadowBias: 0
x3dExport-shadowMapSize: 2048
x3dExport-shadowRadius: 0
